-0.2100 0.2800
-0.1340 0.2786
-0.0579 0.2772
0.0181 0.2758
0.0942 0.2744
0.1703 0.2730
0.2463 0.2716
0.3224 0.2702
0.3984 0.2688
0.4744 0.2674
0.5505 0.2660
0.6265 0.2646
0.7026 0.2632
0.7787 0.2618
0.8547 0.2604
0.9307 0.2590
1.0068 0.2576
1.0829 0.2562
1.1589 0.2548
1.2349 0.2534
1.3110 0.2520
1.3870 0.2506
1.4631 0.2492
1.5392 0.2478
1.6152 0.2464
1.6912 0.2450
1.7673 0.2436
1.8434 0.2422
1.9194 0.2408
1.9954 0.2394
2.0715 0.2380
2.1476 0.2366
2.2236 0.2352
2.2997 0.2338
2.3757 0.2324
2.4518 0.2310
2.5278 0.2296
2.6038 0.2282
2.6799 0.2268
2.7560 0.2254
2.8320 0.2240
2.9080 0.2226
2.9841 0.2212
3.0602 0.2198
3.1362 0.2184
3.2123 0.2170
3.2883 0.2156
3.3643 0.2142
3.4404 0.2128
3.5164 0.2114
3.5925 0.2100
3.6686 0.2086
3.7446 0.2072
3.8207 0.2058
3.8967 0.2044
3.9728 0.2030
4.0488 0.2016
4.1248 0.2002
4.2009 0.1988
4.2769 0.1974
4.3530 0.1960
4.4291 0.1946
4.5051 0.1932
4.5812 0.1918
4.6572 0.1904
4.7332 0.1890
4.8093 0.1876
4.8854 0.1862
4.9614 0.1848
5.0374 0.1834
5.1135 0.1820
5.1895 0.1806
5.2656 0.1792
5.3416 0.1778
5.4177 0.1764
5.4938 0.1750
5.5698 0.1736
5.6459 0.1722
5.7219 0.1708
5.7980 0.1694
5.8740 0.1680
5.9501 0.1666
6.0261 0.1652
6.1021 0.1638
6.1782 0.1624
6.2542 0.1610
6.3303 0.1596
6.4064 0.1582
6.4824 0.1568
6.5584 0.1554
6.6345 0.1540
6.7106 0.1526
6.7866 0.1512
6.8627 0.1498
6.9387 0.1484
7.0148 0.1470
7.0908 0.1456
7.1668 0.1442
7.2429 0.1428
7.3190 0.1414
7.3950 0.1400
7.4710 0.1386
7.5471 0.1372
7.6232 0.1358
7.6992 0.1344
7.7752 0.1330
7.8513 0.1316
7.9274 0.1302
8.0034 0.1288
8.0795 0.1274
8.1555 0.1260
8.2316 0.1246
8.3076 0.1232
8.3836 0.1218
8.4597 0.1204
8.5358 0.1190
8.6118 0.1176
8.6878 0.1162
8.7639 0.1148
8.8399 0.1134
8.9160 0.1120
8.9920 0.1106
9.0681 0.1092
9.1441 0.1078
9.2202 0.1064
9.2963 0.1050
9.3723 0.1036
9.4483 0.1022
9.5244 0.1008
9.6005 0.0994
9.6765 0.0980
9.7526 0.0966
9.8286 0.0952
9.9047 0.0938
9.9807 0.0924
10.0567 0.0910
10.1328 0.0896
10.2088 0.0882
10.2849 0.0868
10.3609 0.0854
10.4370 0.0840
10.5130 0.0826
10.5891 0.0812
10.6651 0.0798
10.7412 0.0784
10.8172 0.0770
10.8933 0.0756
10.9694 0.0742
11.0454 0.0728
11.1215 0.0714
11.1975 0.0700
11.2736 0.0686
11.3496 0.0672
11.4256 0.0658
11.5017 0.0644
11.5777 0.0630
11.6538 0.0616
11.7299 0.0602
11.8059 0.0588
11.8820 0.0574
11.9580 0.0560
12.0341 0.0546
12.1101 0.0532
12.1861 0.0518
12.2622 0.0504
12.3383 0.0490
12.4143 0.0476
12.4903 0.0462
12.5664 0.0448
12.6424 0.0434
12.7185 0.0420
12.7945 0.0406
12.8706 0.0392
12.9466 0.0378
13.0227 0.0364
13.0988 0.0350
13.1748 0.0336
13.2508 0.0322
13.3269 0.0308
13.4030 0.0294
13.4790 0.0280
13.5551 0.0266
13.6311 0.0252
13.7072 0.0238
13.7832 0.0224
13.8592 0.0210
13.9353 0.0196
14.0114 0.0182
14.0874 0.0168
14.1634 0.0154
14.2395 0.0140
14.3155 0.0126
14.3916 0.0112
14.4676 0.0098
14.5437 0.0084
14.6197 0.0070
14.6958 0.0056
14.7719 0.0042
14.8479 0.0028
14.9240 0.0014
15.0000 0.0000
15.0000 0.0667
15.0000 0.1333
15.0000 0.2000
15.0000 0.2667
15.0000 0.3333
15.0000 0.4000
15.0000 0.4667
15.0000 0.5333
15.0000 0.6000
15.0000 0.6667
15.0000 0.7333
15.0000 0.8000
15.0000 0.8667
15.0000 0.9333
15.0000 1.0000
15.0000 1.0667
15.0000 1.1333
15.0000 1.2000
15.0000 1.2667
15.0000 1.3333
15.0000 1.4000
15.0000 1.4667
15.0000 1.5333
15.0000 1.6000
15.0000 1.6667
15.0000 1.7333
15.0000 1.8000
15.0000 1.8667
15.0000 1.9333
15.0000 2.0000
15.0000 2.0667
15.0000 2.1333
15.0000 2.2000
15.0000 2.2667
15.0000 2.3333
15.0000 2.4000
15.0000 2.4667
15.0000 2.5333
15.0000 2.6000
15.0000 2.6667
15.0000 2.7333
15.0000 2.8000
15.0000 2.8667
15.0000 2.9333
15.0000 3.0000
15.0000 3.0667
15.0000 3.1333
15.0000 3.2000
15.0000 3.2667
15.0000 3.3333
15.0000 3.4000
15.0000 3.4667
15.0000 3.5333
15.0000 3.6000
15.0000 3.6667
15.0000 3.7333
15.0000 3.8000
15.0000 3.8667
15.0000 3.9333
15.0000 4.0000
15.0000 4.0667
15.0000 4.1333
15.0000 4.2000
15.0000 4.2667
15.0000 4.3333
15.0000 4.4000
15.0000 4.4667
15.0000 4.5333
15.0000 4.6000
15.0000 4.6667
15.0000 4.7333
15.0000 4.8000
15.0000 4.8667
15.0000 4.9333
15.0000 5.0000
15.0000 5.0667
15.0000 5.1333
15.0000 5.2000
15.0000 5.2667
15.0000 5.3333
15.0000 5.4000
15.0000 5.4667
15.0000 5.5333
15.0000 5.6000
15.0000 5.6667
15.0000 5.7333
15.0000 5.8000
15.0000 5.8667
15.0000 5.9333
15.0000 6.0000
15.0000 6.0667
15.0000 6.1333
15.0000 6.2000
15.0000 6.2667
15.0000 6.3333
15.0000 6.4000
15.0000 6.4667
15.0000 6.5333
15.0000 6.6000
15.0000 6.6667
15.0000 6.7333
15.0000 6.8000
15.0000 6.8667
15.0000 6.9333
15.0000 7.0000
15.0000 7.0667
15.0000 7.1333
15.0000 7.2000
15.0000 7.2667
15.0000 7.3333
15.0000 7.4000
15.0000 7.4667
15.0000 7.5333
15.0000 7.6000
15.0000 7.6667
15.0000 7.7333
15.0000 7.8000
15.0000 7.8667
15.0000 7.9333
15.0000 8.0000
15.0000 8.0667
15.0000 8.1333
15.0000 8.2000
15.0000 8.2667
15.0000 8.3333
15.0000 8.4000
15.0000 8.4667
15.0000 8.5333
15.0000 8.6000
15.0000 8.6667
15.0000 8.7333
15.0000 8.8000
15.0000 8.8667
15.0000 8.9333
15.0000 9.0000
15.0000 9.0667
15.0000 9.1333
15.0000 9.2000
15.0000 9.2667
15.0000 9.3333
15.0000 9.4000
15.0000 9.4667
15.0000 9.5333
15.0000 9.6000
15.0000 9.6667
15.0000 9.7333
15.0000 9.8000
15.0000 9.8667
15.0000 9.9333
15.0000 10.0000
14.9333 10.0000
14.8667 10.0000
14.8000 10.0000
14.7333 10.0000
14.6667 10.0000
14.6000 10.0000
14.5333 10.0000
14.4667 10.0000
14.4000 10.0000
14.3333 10.0000
14.2667 10.0000
14.2000 10.0000
14.1333 10.0000
14.0667 10.0000
14.0000 10.0000
13.9333 10.0000
13.8667 10.0000
13.8000 10.0000
13.7333 10.0000
13.6667 10.0000
13.6000 10.0000
13.5333 10.0000
13.4667 10.0000
13.4000 10.0000
13.3333 10.0000
13.2667 10.0000
13.2000 10.0000
13.1333 10.0000
13.0667 10.0000
13.0000 10.0000
12.9333 10.0000
12.8667 10.0000
12.8000 10.0000
12.7333 10.0000
12.6667 10.0000
12.6000 10.0000
12.5333 10.0000
12.4667 10.0000
12.4000 10.0000
12.3333 10.0000
12.2667 10.0000
12.2000 10.0000
12.1333 10.0000
12.0667 10.0000
12.0000 10.0000
11.9333 10.0000
11.8667 10.0000
11.8000 10.0000
11.7333 10.0000
11.6667 10.0000
11.6000 10.0000
11.5333 10.0000
11.4667 10.0000
11.4000 10.0000
11.3333 10.0000
11.2667 10.0000
11.2000 10.0000
11.1333 10.0000
11.0667 10.0000
11.0000 10.0000
10.9333 10.0000
10.8667 10.0000
10.8000 10.0000
10.7333 10.0000
10.6667 10.0000
10.6000 10.0000
10.5333 10.0000
10.4667 10.0000
10.4000 10.0000
10.3333 10.0000
10.2667 10.0000
10.2000 10.0000
10.1333 10.0000
10.0667 10.0000
10.0000 10.0000
9.9333 10.0000
9.8667 10.0000
9.8000 10.0000
9.7333 10.0000
9.6667 10.0000
9.6000 10.0000
9.5333 10.0000
9.4667 10.0000
9.4000 10.0000
9.3333 10.0000
9.2667 10.0000
9.2000 10.0000
9.1333 10.0000
9.0667 10.0000
9.0000 10.0000
8.9333 10.0000
8.8667 10.0000
8.8000 10.0000
8.7333 10.0000
8.6667 10.0000
8.6000 10.0000
8.5333 10.0000
8.4667 10.0000
8.4000 10.0000
8.3333 10.0000
8.2667 10.0000
8.2000 10.0000
8.1333 10.0000
8.0667 10.0000
8.0000 10.0000
7.9333 10.0000
7.8667 10.0000
7.8000 10.0000
7.7333 10.0000
7.6667 10.0000
7.6000 10.0000
7.5333 10.0000
7.4667 10.0000
7.4000 10.0000
7.3333 10.0000
7.2667 10.0000
7.2000 10.0000
7.1333 10.0000
7.0667 10.0000
7.0000 10.0000
6.9333 10.0000
6.8667 10.0000
6.8000 10.0000
6.7333 10.0000
6.6667 10.0000
6.6000 10.0000
6.5333 10.0000
6.4667 10.0000
6.4000 10.0000
6.3333 10.0000
6.2667 10.0000
6.2000 10.0000
6.1333 10.0000
6.0667 10.0000
6.0000 10.0000
5.9333 10.0000
5.8667 10.0000
5.8000 10.0000
5.7333 10.0000
5.6667 10.0000
5.6000 10.0000
5.5333 10.0000
5.4667 10.0000
5.4000 10.0000
5.3333 10.0000
5.2667 10.0000
5.2000 10.0000
5.1333 10.0000
5.0667 10.0000
5.0000 10.0000
